temperature	v_out
-4.500000000000000e+01	2.463448e+00
-2.500000000000000e+01	2.487103e+00
-5.000000000000000e+00	2.502436e+00
1.500000000000000e+01	2.508962e+00
3.500000000000000e+01	2.498740e+00
5.500000000000000e+01	2.468852e+00
7.500000000000000e+01	2.494776e+00
9.500000000000000e+01	2.547602e+00
1.150000000000000e+02	2.467022e+00
1.250000000000000e+02	2.505015e+00
-4.500000000000000e+01	2.450998e+00
-2.500000000000000e+01	2.500662e+00
-5.000000000000000e+00	2.515096e+00
1.500000000000000e+01	2.432406e+00
3.500000000000000e+01	2.507221e+00
5.500000000000000e+01	2.445589e+00
7.500000000000000e+01	2.485119e+00
9.500000000000000e+01	2.457863e+00
1.150000000000000e+02	2.549239e+00
1.250000000000000e+02	2.499943e+00
-4.500000000000000e+01	2.483591e+00
-2.500000000000000e+01	2.477297e+00
-5.000000000000000e+00	2.500880e+00
1.500000000000000e+01	2.478653e+00
3.500000000000000e+01	2.542141e+00
5.500000000000000e+01	2.493844e+00
7.500000000000000e+01	2.497690e+00
9.500000000000000e+01	2.550290e+00
1.150000000000000e+02	2.455131e+00
1.250000000000000e+02	2.540469e+00
-4.500000000000000e+01	2.469850e+00
-2.500000000000000e+01	2.527516e+00
-5.000000000000000e+00	2.523588e+00
1.500000000000000e+01	2.457655e+00
3.500000000000000e+01	2.542371e+00
5.500000000000000e+01	2.526594e+00
7.500000000000000e+01	2.488266e+00
9.500000000000000e+01	2.507587e+00
1.150000000000000e+02	2.534737e+00
1.250000000000000e+02	2.519679e+00
-4.500000000000000e+01	2.541471e+00
-2.500000000000000e+01	2.552009e+00
-5.000000000000000e+00	2.493690e+00
1.500000000000000e+01	2.500407e+00
3.500000000000000e+01	2.510285e+00
5.500000000000000e+01	2.467693e+00
7.500000000000000e+01	2.476516e+00
9.500000000000000e+01	2.530182e+00
1.150000000000000e+02	2.519739e+00
1.250000000000000e+02	2.517827e+00
-4.500000000000000e+01	2.529503e+00
-2.500000000000000e+01	2.526495e+00
-5.000000000000000e+00	2.482870e+00
1.500000000000000e+01	2.502803e+00
3.500000000000000e+01	2.483531e+00
5.500000000000000e+01	2.489952e+00
7.500000000000000e+01	2.523332e+00
9.500000000000000e+01	2.481319e+00
1.150000000000000e+02	2.537051e+00
1.250000000000000e+02	2.492569e+00
-4.500000000000000e+01	2.482652e+00
-2.500000000000000e+01	2.488935e+00
-5.000000000000000e+00	2.443435e+00
1.500000000000000e+01	2.525109e+00
3.500000000000000e+01	2.550442e+00
5.500000000000000e+01	2.454315e+00
7.500000000000000e+01	2.479701e+00
9.500000000000000e+01	2.489578e+00
1.150000000000000e+02	2.536560e+00
1.250000000000000e+02	2.524335e+00
-4.500000000000000e+01	2.483014e+00
-2.500000000000000e+01	2.467851e+00
-5.000000000000000e+00	2.415368e+00
1.500000000000000e+01	2.524499e+00
3.500000000000000e+01	2.452555e+00
5.500000000000000e+01	2.495153e+00
7.500000000000000e+01	2.511489e+00
9.500000000000000e+01	2.502717e+00
1.150000000000000e+02	2.529215e+00
1.250000000000000e+02	2.458160e+00
-4.500000000000000e+01	2.514903e+00
-2.500000000000000e+01	2.429252e+00
-5.000000000000000e+00	2.472621e+00
1.500000000000000e+01	2.481748e+00
3.500000000000000e+01	2.512098e+00
5.500000000000000e+01	2.481104e+00
7.500000000000000e+01	2.541863e+00
9.500000000000000e+01	2.486439e+00
1.150000000000000e+02	2.532960e+00
1.250000000000000e+02	2.481814e+00
-4.500000000000000e+01	2.486678e+00
-2.500000000000000e+01	2.504897e+00
-5.000000000000000e+00	2.551558e+00
1.500000000000000e+01	2.482049e+00
3.500000000000000e+01	2.502095e+00
5.500000000000000e+01	2.515549e+00
7.500000000000000e+01	2.467003e+00
9.500000000000000e+01	2.542368e+00
1.150000000000000e+02	2.502712e+00
1.250000000000000e+02	2.519464e+00
-4.500000000000000e+01	2.536082e+00
-2.500000000000000e+01	2.502117e+00
-5.000000000000000e+00	2.479683e+00
1.500000000000000e+01	2.495084e+00
3.500000000000000e+01	2.473196e+00
5.500000000000000e+01	2.488894e+00
7.500000000000000e+01	2.517676e+00
9.500000000000000e+01	2.494852e+00
1.150000000000000e+02	2.494298e+00
1.250000000000000e+02	2.507532e+00
-4.500000000000000e+01	2.472954e+00
-2.500000000000000e+01	2.558694e+00
-5.000000000000000e+00	2.519443e+00
1.500000000000000e+01	2.535253e+00
3.500000000000000e+01	2.469522e+00
5.500000000000000e+01	2.478431e+00
7.500000000000000e+01	2.491203e+00
9.500000000000000e+01	2.539178e+00
1.150000000000000e+02	2.494084e+00
1.250000000000000e+02	2.471080e+00
-4.500000000000000e+01	2.479251e+00
-2.500000000000000e+01	2.454502e+00
-5.000000000000000e+00	2.445300e+00
1.500000000000000e+01	2.562675e+00
3.500000000000000e+01	2.531024e+00
5.500000000000000e+01	2.523249e+00
7.500000000000000e+01	2.482982e+00
9.500000000000000e+01	2.518044e+00
1.150000000000000e+02	2.486908e+00
1.250000000000000e+02	2.521156e+00
-4.500000000000000e+01	2.519897e+00
-2.500000000000000e+01	2.506905e+00
-5.000000000000000e+00	2.533995e+00
1.500000000000000e+01	2.470484e+00
3.500000000000000e+01	2.501197e+00
5.500000000000000e+01	2.543119e+00
7.500000000000000e+01	2.469735e+00
9.500000000000000e+01	2.456282e+00
1.150000000000000e+02	2.482169e+00
1.250000000000000e+02	2.453997e+00
-4.500000000000000e+01	2.537405e+00
-2.500000000000000e+01	2.504527e+00
-5.000000000000000e+00	2.475413e+00
1.500000000000000e+01	2.456496e+00
3.500000000000000e+01	2.552424e+00
5.500000000000000e+01	2.503960e+00
7.500000000000000e+01	2.458346e+00
9.500000000000000e+01	2.521316e+00
1.150000000000000e+02	2.504871e+00
1.250000000000000e+02	2.532141e+00
-4.500000000000000e+01	2.487746e+00
-2.500000000000000e+01	2.502686e+00
-5.000000000000000e+00	2.488972e+00
1.500000000000000e+01	2.463022e+00
3.500000000000000e+01	2.523688e+00
5.500000000000000e+01	2.505269e+00
7.500000000000000e+01	2.492130e+00
9.500000000000000e+01	2.498146e+00
1.150000000000000e+02	2.516253e+00
1.250000000000000e+02	2.558582e+00
-4.500000000000000e+01	2.517637e+00
-2.500000000000000e+01	2.524188e+00
-5.000000000000000e+00	2.507228e+00
1.500000000000000e+01	2.524010e+00
3.500000000000000e+01	2.535490e+00
5.500000000000000e+01	2.481986e+00
7.500000000000000e+01	2.470491e+00
9.500000000000000e+01	2.535030e+00
1.150000000000000e+02	2.515810e+00
1.250000000000000e+02	2.512380e+00
-4.500000000000000e+01	2.557567e+00
-2.500000000000000e+01	2.494238e+00
-5.000000000000000e+00	2.514469e+00
1.500000000000000e+01	2.470270e+00
3.500000000000000e+01	2.510426e+00
5.500000000000000e+01	2.544915e+00
7.500000000000000e+01	2.475669e+00
9.500000000000000e+01	2.496905e+00
1.150000000000000e+02	2.455722e+00
1.250000000000000e+02	2.534789e+00
-4.500000000000000e+01	2.499896e+00
-2.500000000000000e+01	2.479137e+00
-5.000000000000000e+00	2.560513e+00
1.500000000000000e+01	2.499596e+00
3.500000000000000e+01	2.481156e+00
5.500000000000000e+01	2.519308e+00
7.500000000000000e+01	2.492936e+00
9.500000000000000e+01	2.513123e+00
1.150000000000000e+02	2.472216e+00
1.250000000000000e+02	2.519815e+00
-4.500000000000000e+01	2.504900e+00
-2.500000000000000e+01	2.505480e+00
-5.000000000000000e+00	2.501663e+00
1.500000000000000e+01	2.467474e+00
3.500000000000000e+01	2.535983e+00
5.500000000000000e+01	2.463872e+00
7.500000000000000e+01	2.488673e+00
9.500000000000000e+01	2.500093e+00
1.150000000000000e+02	2.466217e+00
1.250000000000000e+02	2.458064e+00
-4.500000000000000e+01	2.488141e+00
-2.500000000000000e+01	2.531096e+00
-5.000000000000000e+00	2.526865e+00
1.500000000000000e+01	2.498986e+00
3.500000000000000e+01	2.504332e+00
5.500000000000000e+01	2.502917e+00
7.500000000000000e+01	2.550045e+00
9.500000000000000e+01	2.539916e+00
1.150000000000000e+02	2.472701e+00
1.250000000000000e+02	2.486494e+00
-4.500000000000000e+01	2.468643e+00
-2.500000000000000e+01	2.479093e+00
-5.000000000000000e+00	2.479803e+00
1.500000000000000e+01	2.514565e+00
3.500000000000000e+01	2.509074e+00
5.500000000000000e+01	2.501317e+00
7.500000000000000e+01	2.549618e+00
9.500000000000000e+01	2.507627e+00
1.150000000000000e+02	2.520299e+00
1.250000000000000e+02	2.491208e+00
-4.500000000000000e+01	2.574945e+00
-2.500000000000000e+01	2.497699e+00
-5.000000000000000e+00	2.498901e+00
1.500000000000000e+01	2.469700e+00
3.500000000000000e+01	2.507123e+00
5.500000000000000e+01	2.465561e+00
7.500000000000000e+01	2.500339e+00
9.500000000000000e+01	2.507678e+00
1.150000000000000e+02	2.509850e+00
1.250000000000000e+02	2.498328e+00
-4.500000000000000e+01	2.522994e+00
-2.500000000000000e+01	2.515460e+00
-5.000000000000000e+00	2.504276e+00
1.500000000000000e+01	2.462524e+00
3.500000000000000e+01	2.520658e+00
5.500000000000000e+01	2.513974e+00
7.500000000000000e+01	2.538343e+00
9.500000000000000e+01	2.483463e+00
1.150000000000000e+02	2.477847e+00
1.250000000000000e+02	2.516068e+00
-4.500000000000000e+01	2.497189e+00
-2.500000000000000e+01	2.481710e+00
-5.000000000000000e+00	2.508940e+00
1.500000000000000e+01	2.482941e+00
3.500000000000000e+01	2.489887e+00
5.500000000000000e+01	2.504232e+00
7.500000000000000e+01	2.512512e+00
9.500000000000000e+01	2.480827e+00
1.150000000000000e+02	2.468303e+00
1.250000000000000e+02	2.499699e+00
-4.500000000000000e+01	2.540056e+00
-2.500000000000000e+01	2.508729e+00
-5.000000000000000e+00	2.525619e+00
1.500000000000000e+01	2.526864e+00
3.500000000000000e+01	2.528911e+00
5.500000000000000e+01	2.461398e+00
7.500000000000000e+01	2.493367e+00
9.500000000000000e+01	2.491192e+00
1.150000000000000e+02	2.481076e+00
1.250000000000000e+02	2.500387e+00
-4.500000000000000e+01	2.452246e+00
-2.500000000000000e+01	2.530473e+00
-5.000000000000000e+00	2.535561e+00
1.500000000000000e+01	2.500548e+00
3.500000000000000e+01	2.487346e+00
5.500000000000000e+01	2.495135e+00
7.500000000000000e+01	2.463636e+00
9.500000000000000e+01	2.520419e+00
1.150000000000000e+02	2.531499e+00
1.250000000000000e+02	2.490892e+00
-4.500000000000000e+01	2.512419e+00
-2.500000000000000e+01	2.514614e+00
-5.000000000000000e+00	2.482723e+00
1.500000000000000e+01	2.484160e+00
3.500000000000000e+01	2.519566e+00
5.500000000000000e+01	2.528427e+00
7.500000000000000e+01	2.483645e+00
9.500000000000000e+01	2.496786e+00
1.150000000000000e+02	2.544907e+00
1.250000000000000e+02	2.508359e+00
-4.500000000000000e+01	2.537855e+00
-2.500000000000000e+01	2.513712e+00
-5.000000000000000e+00	2.519974e+00
1.500000000000000e+01	2.545282e+00
3.500000000000000e+01	2.483316e+00
5.500000000000000e+01	2.525312e+00
7.500000000000000e+01	2.537717e+00
9.500000000000000e+01	2.518042e+00
1.150000000000000e+02	2.473788e+00
1.250000000000000e+02	2.513821e+00
-4.500000000000000e+01	2.511213e+00
-2.500000000000000e+01	2.512238e+00
-5.000000000000000e+00	2.473614e+00
1.500000000000000e+01	2.509222e+00
3.500000000000000e+01	2.476081e+00
5.500000000000000e+01	2.511876e+00
7.500000000000000e+01	2.497532e+00
9.500000000000000e+01	2.451791e+00
1.150000000000000e+02	2.468716e+00
1.250000000000000e+02	2.511510e+00
-4.500000000000000e+01	2.434805e+00
-2.500000000000000e+01	2.471425e+00
-5.000000000000000e+00	2.505019e+00
1.500000000000000e+01	2.481349e+00
3.500000000000000e+01	2.554125e+00
5.500000000000000e+01	2.482255e+00
7.500000000000000e+01	2.527963e+00
9.500000000000000e+01	2.525116e+00
1.150000000000000e+02	2.538553e+00
1.250000000000000e+02	2.501767e+00
-4.500000000000000e+01	2.489211e+00
-2.500000000000000e+01	2.482662e+00
-5.000000000000000e+00	2.482259e+00
1.500000000000000e+01	2.531405e+00
3.500000000000000e+01	2.448639e+00
5.500000000000000e+01	2.484697e+00
7.500000000000000e+01	2.516457e+00
9.500000000000000e+01	2.524504e+00
1.150000000000000e+02	2.509761e+00
1.250000000000000e+02	2.522862e+00
-4.500000000000000e+01	2.480616e+00
-2.500000000000000e+01	2.502943e+00
-5.000000000000000e+00	2.510418e+00
1.500000000000000e+01	2.487709e+00
3.500000000000000e+01	2.524336e+00
5.500000000000000e+01	2.508576e+00
7.500000000000000e+01	2.516130e+00
9.500000000000000e+01	2.475523e+00
1.150000000000000e+02	2.513631e+00
1.250000000000000e+02	2.569098e+00
-4.500000000000000e+01	2.517193e+00
-2.500000000000000e+01	2.419004e+00
-5.000000000000000e+00	2.547844e+00
1.500000000000000e+01	2.559950e+00
3.500000000000000e+01	2.528616e+00
5.500000000000000e+01	2.508346e+00
7.500000000000000e+01	2.469093e+00
9.500000000000000e+01	2.496147e+00
1.150000000000000e+02	2.468023e+00
1.250000000000000e+02	2.461935e+00
-4.500000000000000e+01	2.495235e+00
-2.500000000000000e+01	2.481308e+00
-5.000000000000000e+00	2.546306e+00
1.500000000000000e+01	2.497089e+00
3.500000000000000e+01	2.531461e+00
5.500000000000000e+01	2.492437e+00
7.500000000000000e+01	2.463110e+00
9.500000000000000e+01	2.515572e+00
1.150000000000000e+02	2.484222e+00
1.250000000000000e+02	2.452472e+00
-4.500000000000000e+01	2.472676e+00
-2.500000000000000e+01	2.489610e+00
-5.000000000000000e+00	2.516318e+00
1.500000000000000e+01	2.506133e+00
3.500000000000000e+01	2.501130e+00
5.500000000000000e+01	2.509145e+00
7.500000000000000e+01	2.493904e+00
9.500000000000000e+01	2.474253e+00
1.150000000000000e+02	2.485368e+00
1.250000000000000e+02	2.490583e+00
-4.500000000000000e+01	2.476380e+00
-2.500000000000000e+01	2.543718e+00
-5.000000000000000e+00	2.511017e+00
1.500000000000000e+01	2.519004e+00
3.500000000000000e+01	2.533252e+00
5.500000000000000e+01	2.475197e+00
7.500000000000000e+01	2.538974e+00
9.500000000000000e+01	2.470809e+00
1.150000000000000e+02	2.503849e+00
1.250000000000000e+02	2.491449e+00
-4.500000000000000e+01	2.516948e+00
-2.500000000000000e+01	2.495249e+00
-5.000000000000000e+00	2.531648e+00
1.500000000000000e+01	2.488950e+00
3.500000000000000e+01	2.538078e+00
5.500000000000000e+01	2.462414e+00
7.500000000000000e+01	2.502624e+00
9.500000000000000e+01	2.472988e+00
1.150000000000000e+02	2.475096e+00
1.250000000000000e+02	2.489741e+00
-4.500000000000000e+01	2.510156e+00
-2.500000000000000e+01	2.513872e+00
-5.000000000000000e+00	2.508228e+00
1.500000000000000e+01	2.518486e+00
3.500000000000000e+01	2.425250e+00
5.500000000000000e+01	2.462036e+00
7.500000000000000e+01	2.509977e+00
9.500000000000000e+01	2.487002e+00
1.150000000000000e+02	2.518368e+00
1.250000000000000e+02	2.501552e+00
-4.500000000000000e+01	2.503701e+00
-2.500000000000000e+01	2.481290e+00
-5.000000000000000e+00	2.522347e+00
1.500000000000000e+01	2.520945e+00
3.500000000000000e+01	2.523160e+00
5.500000000000000e+01	2.539963e+00
7.500000000000000e+01	2.504920e+00
9.500000000000000e+01	2.497096e+00
1.150000000000000e+02	2.502858e+00
1.250000000000000e+02	2.558430e+00
-4.500000000000000e+01	2.438864e+00
-2.500000000000000e+01	2.526936e+00
-5.000000000000000e+00	2.494513e+00
1.500000000000000e+01	2.558290e+00
3.500000000000000e+01	2.465434e+00
5.500000000000000e+01	2.479003e+00
7.500000000000000e+01	2.475367e+00
9.500000000000000e+01	2.470352e+00
1.150000000000000e+02	2.531963e+00
1.250000000000000e+02	2.524017e+00
-4.500000000000000e+01	2.487756e+00
-2.500000000000000e+01	2.475763e+00
-5.000000000000000e+00	2.495108e+00
1.500000000000000e+01	2.541703e+00
3.500000000000000e+01	2.515833e+00
5.500000000000000e+01	2.494879e+00
7.500000000000000e+01	2.535711e+00
9.500000000000000e+01	2.513535e+00
1.150000000000000e+02	2.494368e+00
1.250000000000000e+02	2.472611e+00
-4.500000000000000e+01	2.475444e+00
-2.500000000000000e+01	2.461426e+00
-5.000000000000000e+00	2.521399e+00
1.500000000000000e+01	2.460685e+00
3.500000000000000e+01	2.419115e+00
5.500000000000000e+01	2.478827e+00
7.500000000000000e+01	2.475660e+00
9.500000000000000e+01	2.525382e+00
1.150000000000000e+02	2.464385e+00
1.250000000000000e+02	2.517932e+00
-4.500000000000000e+01	2.468358e+00
-2.500000000000000e+01	2.466208e+00
-5.000000000000000e+00	2.470482e+00
1.500000000000000e+01	2.500507e+00
3.500000000000000e+01	2.499406e+00
5.500000000000000e+01	2.466335e+00
7.500000000000000e+01	2.503527e+00
9.500000000000000e+01	2.522722e+00
1.150000000000000e+02	2.476854e+00
1.250000000000000e+02	2.505093e+00
-4.500000000000000e+01	2.490749e+00
-2.500000000000000e+01	2.484654e+00
-5.000000000000000e+00	2.512794e+00
1.500000000000000e+01	2.517499e+00
3.500000000000000e+01	2.540207e+00
5.500000000000000e+01	2.522724e+00
7.500000000000000e+01	2.451339e+00
9.500000000000000e+01	2.454273e+00
1.150000000000000e+02	2.500562e+00
1.250000000000000e+02	2.488056e+00
-4.500000000000000e+01	2.513725e+00
-2.500000000000000e+01	2.492235e+00
-5.000000000000000e+00	2.477208e+00
1.500000000000000e+01	2.511715e+00
3.500000000000000e+01	2.483419e+00
5.500000000000000e+01	2.510871e+00
7.500000000000000e+01	2.498030e+00
9.500000000000000e+01	2.448421e+00
1.150000000000000e+02	2.476493e+00
1.250000000000000e+02	2.448740e+00
-4.500000000000000e+01	2.467439e+00
-2.500000000000000e+01	2.498307e+00
-5.000000000000000e+00	2.476955e+00
1.500000000000000e+01	2.481936e+00
3.500000000000000e+01	2.475654e+00
5.500000000000000e+01	2.489641e+00
7.500000000000000e+01	2.510338e+00
9.500000000000000e+01	2.498349e+00
1.150000000000000e+02	2.509474e+00
1.250000000000000e+02	2.452089e+00
-4.500000000000000e+01	2.482677e+00
-2.500000000000000e+01	2.488948e+00
-5.000000000000000e+00	2.499274e+00
1.500000000000000e+01	2.457868e+00
3.500000000000000e+01	2.486722e+00
5.500000000000000e+01	2.455968e+00
7.500000000000000e+01	2.483722e+00
9.500000000000000e+01	2.537187e+00
1.150000000000000e+02	2.505973e+00
1.250000000000000e+02	2.500950e+00
-4.500000000000000e+01	2.496964e+00
-2.500000000000000e+01	2.517203e+00
-5.000000000000000e+00	2.495770e+00
1.500000000000000e+01	2.501578e+00
3.500000000000000e+01	2.539811e+00
5.500000000000000e+01	2.527174e+00
7.500000000000000e+01	2.505053e+00
9.500000000000000e+01	2.485648e+00
1.150000000000000e+02	2.500309e+00
1.250000000000000e+02	2.560112e+00
-4.500000000000000e+01	2.507174e+00
-2.500000000000000e+01	2.443003e+00
-5.000000000000000e+00	2.511545e+00
1.500000000000000e+01	2.545967e+00
3.500000000000000e+01	2.520136e+00
5.500000000000000e+01	2.496061e+00
7.500000000000000e+01	2.527470e+00
9.500000000000000e+01	2.458523e+00
1.150000000000000e+02	2.505877e+00
1.250000000000000e+02	2.559957e+00
-4.500000000000000e+01	2.480062e+00
-2.500000000000000e+01	2.495560e+00
-5.000000000000000e+00	2.504667e+00
1.500000000000000e+01	2.500357e+00
3.500000000000000e+01	2.542923e+00
5.500000000000000e+01	2.526963e+00
7.500000000000000e+01	2.543025e+00
9.500000000000000e+01	2.509345e+00
1.150000000000000e+02	2.504670e+00
1.250000000000000e+02	2.499794e+00
-4.500000000000000e+01	2.481719e+00
-2.500000000000000e+01	2.515661e+00
-5.000000000000000e+00	2.474160e+00
1.500000000000000e+01	2.489589e+00
3.500000000000000e+01	2.489666e+00
5.500000000000000e+01	2.460052e+00
7.500000000000000e+01	2.512062e+00
9.500000000000000e+01	2.528568e+00
1.150000000000000e+02	2.480607e+00
1.250000000000000e+02	2.514070e+00
-4.500000000000000e+01	2.485654e+00
-2.500000000000000e+01	2.493048e+00
-5.000000000000000e+00	2.449551e+00
1.500000000000000e+01	2.465515e+00
3.500000000000000e+01	2.527794e+00
5.500000000000000e+01	2.524940e+00
7.500000000000000e+01	2.503289e+00
9.500000000000000e+01	2.548144e+00
1.150000000000000e+02	2.461966e+00
1.250000000000000e+02	2.549316e+00
-4.500000000000000e+01	2.468530e+00
-2.500000000000000e+01	2.459505e+00
-5.000000000000000e+00	2.517446e+00
1.500000000000000e+01	2.483588e+00
3.500000000000000e+01	2.466438e+00
5.500000000000000e+01	2.455842e+00
7.500000000000000e+01	2.460512e+00
9.500000000000000e+01	2.517755e+00
1.150000000000000e+02	2.499754e+00
1.250000000000000e+02	2.524227e+00
-4.500000000000000e+01	2.518315e+00
-2.500000000000000e+01	2.479846e+00
-5.000000000000000e+00	2.505166e+00
1.500000000000000e+01	2.464592e+00
3.500000000000000e+01	2.524002e+00
5.500000000000000e+01	2.501423e+00
7.500000000000000e+01	2.592130e+00
9.500000000000000e+01	2.537820e+00
1.150000000000000e+02	2.511172e+00
1.250000000000000e+02	2.551103e+00
-4.500000000000000e+01	2.565565e+00
-2.500000000000000e+01	2.497838e+00
-5.000000000000000e+00	2.474230e+00
1.500000000000000e+01	2.541536e+00
3.500000000000000e+01	2.480243e+00
5.500000000000000e+01	2.479901e+00
7.500000000000000e+01	2.514709e+00
9.500000000000000e+01	2.463985e+00
1.150000000000000e+02	2.466668e+00
1.250000000000000e+02	2.506913e+00
-4.500000000000000e+01	2.499047e+00
-2.500000000000000e+01	2.445357e+00
-5.000000000000000e+00	2.482513e+00
1.500000000000000e+01	2.496958e+00
3.500000000000000e+01	2.530748e+00
5.500000000000000e+01	2.500343e+00
7.500000000000000e+01	2.499014e+00
9.500000000000000e+01	2.495328e+00
1.150000000000000e+02	2.528596e+00
1.250000000000000e+02	2.522233e+00
-4.500000000000000e+01	2.523318e+00
-2.500000000000000e+01	2.510864e+00
-5.000000000000000e+00	2.506581e+00
1.500000000000000e+01	2.500197e+00
3.500000000000000e+01	2.515479e+00
5.500000000000000e+01	2.506638e+00
7.500000000000000e+01	2.491313e+00
9.500000000000000e+01	2.493270e+00
1.150000000000000e+02	2.488840e+00
1.250000000000000e+02	2.539342e+00
-4.500000000000000e+01	2.510126e+00
-2.500000000000000e+01	2.525932e+00
-5.000000000000000e+00	2.538974e+00
1.500000000000000e+01	2.515217e+00
3.500000000000000e+01	2.475801e+00
5.500000000000000e+01	2.452115e+00
7.500000000000000e+01	2.507372e+00
9.500000000000000e+01	2.528700e+00
1.150000000000000e+02	2.501635e+00
1.250000000000000e+02	2.508098e+00
-4.500000000000000e+01	2.539431e+00
-2.500000000000000e+01	2.484434e+00
-5.000000000000000e+00	2.466852e+00
1.500000000000000e+01	2.524158e+00
3.500000000000000e+01	2.487033e+00
5.500000000000000e+01	2.534341e+00
7.500000000000000e+01	2.524388e+00
9.500000000000000e+01	2.484921e+00
1.150000000000000e+02	2.474721e+00
1.250000000000000e+02	2.509181e+00
-4.500000000000000e+01	2.484572e+00
-2.500000000000000e+01	2.520603e+00
-5.000000000000000e+00	2.529241e+00
1.500000000000000e+01	2.481140e+00
3.500000000000000e+01	2.513934e+00
5.500000000000000e+01	2.490136e+00
7.500000000000000e+01	2.517674e+00
9.500000000000000e+01	2.536965e+00
1.150000000000000e+02	2.498553e+00
1.250000000000000e+02	2.479865e+00
-4.500000000000000e+01	2.449097e+00
-2.500000000000000e+01	2.528506e+00
-5.000000000000000e+00	2.481970e+00
1.500000000000000e+01	2.493143e+00
3.500000000000000e+01	2.531149e+00
5.500000000000000e+01	2.439074e+00
7.500000000000000e+01	2.506534e+00
9.500000000000000e+01	2.480376e+00
1.150000000000000e+02	2.525862e+00
1.250000000000000e+02	2.488020e+00
-4.500000000000000e+01	2.499183e+00
-2.500000000000000e+01	2.589061e+00
-5.000000000000000e+00	2.516727e+00
1.500000000000000e+01	2.487365e+00
3.500000000000000e+01	2.530363e+00
5.500000000000000e+01	2.498870e+00
7.500000000000000e+01	2.487094e+00
9.500000000000000e+01	2.512183e+00
1.150000000000000e+02	2.543720e+00
1.250000000000000e+02	2.498405e+00
-4.500000000000000e+01	2.431952e+00
-2.500000000000000e+01	2.495458e+00
-5.000000000000000e+00	2.437186e+00
1.500000000000000e+01	2.480081e+00
3.500000000000000e+01	2.448124e+00
5.500000000000000e+01	2.518491e+00
7.500000000000000e+01	2.499616e+00
9.500000000000000e+01	2.532349e+00
1.150000000000000e+02	2.485264e+00
1.250000000000000e+02	2.500921e+00
-4.500000000000000e+01	2.478719e+00
-2.500000000000000e+01	2.448305e+00
-5.000000000000000e+00	2.527313e+00
1.500000000000000e+01	2.461755e+00
3.500000000000000e+01	2.485280e+00
5.500000000000000e+01	2.487883e+00
7.500000000000000e+01	2.531188e+00
9.500000000000000e+01	2.543686e+00
1.150000000000000e+02	2.494228e+00
1.250000000000000e+02	2.526107e+00
-4.500000000000000e+01	2.526053e+00
-2.500000000000000e+01	2.477644e+00
-5.000000000000000e+00	2.486048e+00
1.500000000000000e+01	2.498393e+00
3.500000000000000e+01	2.549923e+00
5.500000000000000e+01	2.502125e+00
7.500000000000000e+01	2.503619e+00
9.500000000000000e+01	2.446587e+00
1.150000000000000e+02	2.474938e+00
1.250000000000000e+02	2.475002e+00
-4.500000000000000e+01	2.486526e+00
-2.500000000000000e+01	2.503966e+00
-5.000000000000000e+00	2.504803e+00
1.500000000000000e+01	2.500792e+00
3.500000000000000e+01	2.503750e+00
5.500000000000000e+01	2.507177e+00
7.500000000000000e+01	2.487916e+00
9.500000000000000e+01	2.481594e+00
1.150000000000000e+02	2.484770e+00
1.250000000000000e+02	2.426164e+00
-4.500000000000000e+01	2.468121e+00
-2.500000000000000e+01	2.459054e+00
-5.000000000000000e+00	2.507029e+00
1.500000000000000e+01	2.466820e+00
3.500000000000000e+01	2.521481e+00
5.500000000000000e+01	2.485634e+00
7.500000000000000e+01	2.489088e+00
9.500000000000000e+01	2.493154e+00
1.150000000000000e+02	2.514386e+00
1.250000000000000e+02	2.527315e+00
-4.500000000000000e+01	2.438161e+00
-2.500000000000000e+01	2.503231e+00
-5.000000000000000e+00	2.502538e+00
1.500000000000000e+01	2.545201e+00
3.500000000000000e+01	2.503487e+00
5.500000000000000e+01	2.495307e+00
7.500000000000000e+01	2.539851e+00
9.500000000000000e+01	2.498089e+00
1.150000000000000e+02	2.517864e+00
1.250000000000000e+02	2.443508e+00
-4.500000000000000e+01	2.529369e+00
-2.500000000000000e+01	2.514261e+00
-5.000000000000000e+00	2.489985e+00
1.500000000000000e+01	2.512073e+00
3.500000000000000e+01	2.432310e+00
5.500000000000000e+01	2.540470e+00
7.500000000000000e+01	2.470041e+00
9.500000000000000e+01	2.507730e+00
1.150000000000000e+02	2.500209e+00
1.250000000000000e+02	2.524817e+00
-4.500000000000000e+01	2.449717e+00
-2.500000000000000e+01	2.460890e+00
-5.000000000000000e+00	2.497843e+00
1.500000000000000e+01	2.470783e+00
3.500000000000000e+01	2.462130e+00
5.500000000000000e+01	2.499477e+00
7.500000000000000e+01	2.468044e+00
9.500000000000000e+01	2.463605e+00
1.150000000000000e+02	2.493831e+00
1.250000000000000e+02	2.514520e+00
-4.500000000000000e+01	2.519449e+00
-2.500000000000000e+01	2.557934e+00
-5.000000000000000e+00	2.524044e+00
1.500000000000000e+01	2.484936e+00
3.500000000000000e+01	2.491941e+00
5.500000000000000e+01	2.508606e+00
7.500000000000000e+01	2.484652e+00
9.500000000000000e+01	2.447198e+00
1.150000000000000e+02	2.517791e+00
1.250000000000000e+02	2.490001e+00
-4.500000000000000e+01	2.505761e+00
-2.500000000000000e+01	2.491514e+00
-5.000000000000000e+00	2.513076e+00
1.500000000000000e+01	2.542813e+00
3.500000000000000e+01	2.478520e+00
5.500000000000000e+01	2.482595e+00
7.500000000000000e+01	2.501526e+00
9.500000000000000e+01	2.512712e+00
1.150000000000000e+02	2.508720e+00
1.250000000000000e+02	2.458172e+00
-4.500000000000000e+01	2.496552e+00
-2.500000000000000e+01	2.516618e+00
-5.000000000000000e+00	2.526138e+00
1.500000000000000e+01	2.487315e+00
3.500000000000000e+01	2.526249e+00
5.500000000000000e+01	2.497061e+00
7.500000000000000e+01	2.510911e+00
9.500000000000000e+01	2.490057e+00
1.150000000000000e+02	2.462960e+00
1.250000000000000e+02	2.537109e+00
-4.500000000000000e+01	2.505389e+00
-2.500000000000000e+01	2.520706e+00
-5.000000000000000e+00	2.488240e+00
1.500000000000000e+01	2.539032e+00
3.500000000000000e+01	2.498982e+00
5.500000000000000e+01	2.477473e+00
7.500000000000000e+01	2.507941e+00
9.500000000000000e+01	2.479627e+00
1.150000000000000e+02	2.476320e+00
1.250000000000000e+02	2.486188e+00
-4.500000000000000e+01	2.483086e+00
-2.500000000000000e+01	2.538633e+00
-5.000000000000000e+00	2.479330e+00
1.500000000000000e+01	2.520706e+00
3.500000000000000e+01	2.454175e+00
5.500000000000000e+01	2.484334e+00
7.500000000000000e+01	2.475863e+00
9.500000000000000e+01	2.534208e+00
1.150000000000000e+02	2.492429e+00
1.250000000000000e+02	2.482442e+00
-4.500000000000000e+01	2.456054e+00
-2.500000000000000e+01	2.466848e+00
-5.000000000000000e+00	2.500019e+00
1.500000000000000e+01	2.500446e+00
3.500000000000000e+01	2.462629e+00
5.500000000000000e+01	2.472105e+00
7.500000000000000e+01	2.512847e+00
9.500000000000000e+01	2.536488e+00
1.150000000000000e+02	2.533012e+00
1.250000000000000e+02	2.559189e+00
-4.500000000000000e+01	2.515275e+00
-2.500000000000000e+01	2.494309e+00
-5.000000000000000e+00	2.477130e+00
1.500000000000000e+01	2.479897e+00
3.500000000000000e+01	2.518702e+00
5.500000000000000e+01	2.495623e+00
7.500000000000000e+01	2.496859e+00
9.500000000000000e+01	2.526380e+00
1.150000000000000e+02	2.491106e+00
1.250000000000000e+02	2.525970e+00
-4.500000000000000e+01	2.525657e+00
-2.500000000000000e+01	2.477427e+00
-5.000000000000000e+00	2.535314e+00
1.500000000000000e+01	2.494588e+00
3.500000000000000e+01	2.471462e+00
5.500000000000000e+01	2.498056e+00
7.500000000000000e+01	2.527666e+00
9.500000000000000e+01	2.487208e+00
1.150000000000000e+02	2.492636e+00
1.250000000000000e+02	2.488977e+00
-4.500000000000000e+01	2.501731e+00
-2.500000000000000e+01	2.486161e+00
-5.000000000000000e+00	2.524983e+00
1.500000000000000e+01	2.536036e+00
3.500000000000000e+01	2.466152e+00
5.500000000000000e+01	2.516102e+00
7.500000000000000e+01	2.515683e+00
9.500000000000000e+01	2.487538e+00
1.150000000000000e+02	2.468771e+00
1.250000000000000e+02	2.543093e+00
-4.500000000000000e+01	2.533784e+00
-2.500000000000000e+01	2.517212e+00
-5.000000000000000e+00	2.508437e+00
1.500000000000000e+01	2.494388e+00
3.500000000000000e+01	2.459483e+00
5.500000000000000e+01	2.540803e+00
7.500000000000000e+01	2.495074e+00
9.500000000000000e+01	2.523022e+00
1.150000000000000e+02	2.459638e+00
1.250000000000000e+02	2.501382e+00
-4.500000000000000e+01	2.496211e+00
-2.500000000000000e+01	2.525281e+00
-5.000000000000000e+00	2.544549e+00
1.500000000000000e+01	2.543165e+00
3.500000000000000e+01	2.540292e+00
5.500000000000000e+01	2.473835e+00
7.500000000000000e+01	2.513649e+00
9.500000000000000e+01	2.526054e+00
1.150000000000000e+02	2.516576e+00
1.250000000000000e+02	2.494907e+00
-4.500000000000000e+01	2.475193e+00
-2.500000000000000e+01	2.485511e+00
-5.000000000000000e+00	2.481923e+00
1.500000000000000e+01	2.505570e+00
3.500000000000000e+01	2.473380e+00
5.500000000000000e+01	2.491169e+00
7.500000000000000e+01	2.517142e+00
9.500000000000000e+01	2.514931e+00
1.150000000000000e+02	2.490685e+00
1.250000000000000e+02	2.495957e+00
-4.500000000000000e+01	2.482333e+00
-2.500000000000000e+01	2.486372e+00
-5.000000000000000e+00	2.495958e+00
1.500000000000000e+01	2.439633e+00
3.500000000000000e+01	2.460978e+00
5.500000000000000e+01	2.528436e+00
7.500000000000000e+01	2.528417e+00
9.500000000000000e+01	2.507491e+00
1.150000000000000e+02	2.499543e+00
1.250000000000000e+02	2.438249e+00
-4.500000000000000e+01	2.510504e+00
-2.500000000000000e+01	2.499600e+00
-5.000000000000000e+00	2.554219e+00
1.500000000000000e+01	2.485320e+00
3.500000000000000e+01	2.526319e+00
5.500000000000000e+01	2.480840e+00
7.500000000000000e+01	2.508235e+00
9.500000000000000e+01	2.536698e+00
1.150000000000000e+02	2.511074e+00
1.250000000000000e+02	2.490653e+00
-4.500000000000000e+01	2.489464e+00
-2.500000000000000e+01	2.496112e+00
-5.000000000000000e+00	2.531831e+00
1.500000000000000e+01	2.532588e+00
3.500000000000000e+01	2.493788e+00
5.500000000000000e+01	2.500489e+00
7.500000000000000e+01	2.596011e+00
9.500000000000000e+01	2.482016e+00
1.150000000000000e+02	2.483777e+00
1.250000000000000e+02	2.494596e+00
-4.500000000000000e+01	2.506648e+00
-2.500000000000000e+01	2.508053e+00
-5.000000000000000e+00	2.487573e+00
1.500000000000000e+01	2.496569e+00
3.500000000000000e+01	2.488487e+00
5.500000000000000e+01	2.489960e+00
7.500000000000000e+01	2.563587e+00
9.500000000000000e+01	2.534417e+00
1.150000000000000e+02	2.531161e+00
1.250000000000000e+02	2.533357e+00
-4.500000000000000e+01	2.503486e+00
-2.500000000000000e+01	2.500803e+00
-5.000000000000000e+00	2.504556e+00
1.500000000000000e+01	2.519598e+00
3.500000000000000e+01	2.499894e+00
5.500000000000000e+01	2.477354e+00
7.500000000000000e+01	2.515968e+00
9.500000000000000e+01	2.538796e+00
1.150000000000000e+02	2.537060e+00
1.250000000000000e+02	2.535930e+00
-4.500000000000000e+01	2.538006e+00
-2.500000000000000e+01	2.539718e+00
-5.000000000000000e+00	2.471041e+00
1.500000000000000e+01	2.479494e+00
3.500000000000000e+01	2.507641e+00
5.500000000000000e+01	2.501692e+00
7.500000000000000e+01	2.495743e+00
9.500000000000000e+01	2.491259e+00
1.150000000000000e+02	2.480439e+00
1.250000000000000e+02	2.483296e+00
-4.500000000000000e+01	2.507658e+00
-2.500000000000000e+01	2.460362e+00
-5.000000000000000e+00	2.476857e+00
1.500000000000000e+01	2.527007e+00
3.500000000000000e+01	2.538909e+00
5.500000000000000e+01	2.525601e+00
7.500000000000000e+01	2.464546e+00
9.500000000000000e+01	2.530135e+00
1.150000000000000e+02	2.469714e+00
1.250000000000000e+02	2.546050e+00
-4.500000000000000e+01	2.500364e+00
-2.500000000000000e+01	2.443984e+00
-5.000000000000000e+00	2.526843e+00
1.500000000000000e+01	2.497087e+00
3.500000000000000e+01	2.450723e+00
5.500000000000000e+01	2.494169e+00
7.500000000000000e+01	2.522339e+00
9.500000000000000e+01	2.518603e+00
1.150000000000000e+02	2.462953e+00
1.250000000000000e+02	2.499741e+00
-4.500000000000000e+01	2.506653e+00
-2.500000000000000e+01	2.495337e+00
-5.000000000000000e+00	2.509387e+00
1.500000000000000e+01	2.487150e+00
3.500000000000000e+01	2.482744e+00
5.500000000000000e+01	2.458159e+00
7.500000000000000e+01	2.549266e+00
9.500000000000000e+01	2.488153e+00
1.150000000000000e+02	2.499704e+00
1.250000000000000e+02	2.540861e+00
-4.500000000000000e+01	2.478442e+00
-2.500000000000000e+01	2.556612e+00
-5.000000000000000e+00	2.486167e+00
1.500000000000000e+01	2.471043e+00
3.500000000000000e+01	2.445042e+00
5.500000000000000e+01	2.523153e+00
7.500000000000000e+01	2.517386e+00
9.500000000000000e+01	2.483450e+00
1.150000000000000e+02	2.496811e+00
1.250000000000000e+02	2.525339e+00
-4.500000000000000e+01	2.524878e+00
-2.500000000000000e+01	2.496039e+00
-5.000000000000000e+00	2.567528e+00
1.500000000000000e+01	2.454635e+00
3.500000000000000e+01	2.462693e+00
5.500000000000000e+01	2.448393e+00
7.500000000000000e+01	2.470610e+00
9.500000000000000e+01	2.523647e+00
1.150000000000000e+02	2.454182e+00
1.250000000000000e+02	2.526000e+00
-4.500000000000000e+01	2.485109e+00
-2.500000000000000e+01	2.458487e+00
-5.000000000000000e+00	2.453724e+00
1.500000000000000e+01	2.508340e+00
3.500000000000000e+01	2.501256e+00
5.500000000000000e+01	2.548166e+00
7.500000000000000e+01	2.485579e+00
9.500000000000000e+01	2.511607e+00
1.150000000000000e+02	2.492612e+00
1.250000000000000e+02	2.472726e+00
-4.500000000000000e+01	2.447757e+00
-2.500000000000000e+01	2.484514e+00
-5.000000000000000e+00	2.472735e+00
1.500000000000000e+01	2.477195e+00
3.500000000000000e+01	2.524142e+00
5.500000000000000e+01	2.477229e+00
7.500000000000000e+01	2.535563e+00
9.500000000000000e+01	2.499301e+00
1.150000000000000e+02	2.499768e+00
1.250000000000000e+02	2.467685e+00
-4.500000000000000e+01	2.517111e+00
-2.500000000000000e+01	2.535992e+00
-5.000000000000000e+00	2.498551e+00
1.500000000000000e+01	2.535866e+00
3.500000000000000e+01	2.496350e+00
5.500000000000000e+01	2.533718e+00
7.500000000000000e+01	2.477232e+00
9.500000000000000e+01	2.469073e+00
1.150000000000000e+02	2.490972e+00
1.250000000000000e+02	2.500108e+00
-4.500000000000000e+01	2.516525e+00
-2.500000000000000e+01	2.462946e+00
-5.000000000000000e+00	2.472098e+00
1.500000000000000e+01	2.498120e+00
3.500000000000000e+01	2.466748e+00
5.500000000000000e+01	2.500588e+00
7.500000000000000e+01	2.462892e+00
9.500000000000000e+01	2.482603e+00
1.150000000000000e+02	2.469692e+00
1.250000000000000e+02	2.518460e+00
-4.500000000000000e+01	2.505502e+00
-2.500000000000000e+01	2.497782e+00
-5.000000000000000e+00	2.457112e+00
1.500000000000000e+01	2.499792e+00
3.500000000000000e+01	2.513325e+00
5.500000000000000e+01	2.453757e+00
7.500000000000000e+01	2.512717e+00
9.500000000000000e+01	2.515952e+00
1.150000000000000e+02	2.491309e+00
1.250000000000000e+02	2.477313e+00
-4.500000000000000e+01	2.474482e+00
-2.500000000000000e+01	2.510359e+00
-5.000000000000000e+00	2.482657e+00
1.500000000000000e+01	2.463567e+00
3.500000000000000e+01	2.451193e+00
5.500000000000000e+01	2.485460e+00
7.500000000000000e+01	2.487253e+00
9.500000000000000e+01	2.508151e+00
1.150000000000000e+02	2.537819e+00
1.250000000000000e+02	2.506655e+00
